01223        
012223       
0122223      
012223       
01223        
01223        
01223        
012223       
012223       
012223       
012223       
012223       
01223        
01223        
01223        
01223        
012223       
012223       
0122223      
0122223      
01122223     
08122223     
01122223     
0122223      
012223       
01223        
01223        
01223        
01223        
012223       
012223       
             
             
"1223        
01223        
01223        
012223       
012223       
0122223      
0122223      
01222234     
01223        
01223        
01223        
0123         
0123         
0123         
0123         
01223        
012234       
0123         
0123         
0123         
0123         
01223        
012223       
012223       
0122223      
01222234     
01223        
01ww         
0www         
0www         
0www         
#www         
0www         
0www         
01ww         
01ww         
011w         
011w         
01223        
01223        
01223        
01223        
012234       
0123         
0123         
0123         
0123         
01222        
012223       
012223       
0122234      
01223        
01223        
0123         
0123         
0123         
0123         
0123         
0122223      
01111234     
011 1223     
011 12223    
011  12223   
011  112223  
011   12223  
011  11223   
011  1223    
011 1123     
011112234    
0122223      
012223       
0123         
0123         
0123         
0123         
01223        
01223        
012223       
012223       
012223       
011111       
01111        
01111        
0111l        
011ll        
01ll1        
01ll1        
0llll        
0llll        
0lll1        
01ll1        
011ll        
011l1        
0111l        
01111        
01111        
01111        
01111        
01111        
01111        
0111         
0111         
0111         
011          
011          
0111         
01111        
01111        
0111         
0111         
0111         
0111         
0123         
0123         
0123         
0123         
0123         
01223        
012223       
012223      
012223       
01223        
01223        
01223        
0123         
0123         
01234        
0123         
0123         
01223        
012223       
012223       
012223       
012223       
012223       
01223        
01223        
0123         
0123         
0123         
01223        
01223        
012223       
0122223      
01222223     
0122223      
0122223      
012223       
012223       
0123         
0123         
01234        
0123         
0123         
0123         
01234        
0123         
0123         
0123         
0123         
0123         
