01223        
01223        
01223        
01223        
01223        
01223        
012223       
012223       
0122234      
012223       
01223        
01223        
01223        
01223        
01223        
01223        
01223        
012234       
01223        
01223        
01223        
01223        
012223       
0122223      
0122223      
01222223     
01222223     
01222223     
01l          
01l          
0l1          
0l1          
#ll          
ll1          
ll1          
lll          
0ll          
011          
011          
011          
011          
011          
011          
011          
011          
011          
011          
011          
0123         
0123         
0123         
01234        
0123         
0123         
0123         
0123         
0123         
0123         
01ww         
0www         
0www         
!www         
0www         
01ww         
01ww         
012w         
012w         
0123         
0123         
01234        
0123         
0123         
0123         
01223        
012223       
012223       
0122223      
0122223      
01222223     
01222223     
0122223      
012223       
01223        
0123         
0123         
0123         
0123         
0123         
0123         
0123         
0123         
0123         
0123         
0123         
0123         
0123         
