0123         
0123         
0123         
0123         
01223        
01223        
012223       
012223       
012223       
01223        
0123         
0123         
0123         
0123         
01223        
01223        
012223       
012223       
0122223      
0122223      
01222223     
01222223     
#123f        
0123         
0123         
0123         
011          
011          
011          
01l          
0ll          
011          
011          
lll          
0ll          
011          
011          
0114         
011          
011          
0111         
01112        
01112        
011123       
011123       
012223       
012233       
01223        
0123         
0123         
01w          
0ww          
0ww          
!ww          
0ww          
01w          
01w          
0123         
0123         
0123         
0123         
0123         
01234        
0123         
0123         
0123         
0123         
01223        
012234       
01223        
0123         
0123         
01223        
01223        
012223       
012223       
0122223      
012223       
01223        
0123         
0123         
0123         
0123         
0123         
0123         
01223        
012223       
01223        
0123         
0123         
0123         
0123         
0123         
0123         
0123         
0123         
